W1: 0.0003595 L1: 2e-006
W2: 0.0003595 L2: 2e-006
W3: 4.75e-005 L3: 2e-006
W4: 4.75e-005 L4: 2e-006
W5: 0.00012625 L5: 2e-006
W6: 0.00012625 L6: 2e-006
W7: 0.00117975 L7: 2e-006
W8: 0.00117975 L8: 2e-006
W9: 0.00071675 L9: 2e-006
W10: 0.00071675 L10: 2e-006
